3 46.17 46.17
4 97.60 97.60
5 179.97 165.47
6 270.55 250.35
7 379.22 352.52
8 506.15 472.12
9 651.43 609.21
10 802.00 750.47
11 1051.96 11.98
12 1277.45 12.06
13 1538.51 12.22
14 1813.65 12.23
15 2111.82 12.14
16 2433.36 11.97
17 2778.18 11.72
18 3139.70 18.71
19 3573.63 11.93
20 4003.65 10.68
21 4453.62 9.49
22 4927.69 8.02
23 5427.01 12.03
24 5944.39 4.32
25 6496.12 3.15
26 7068.06 1.31
27 7664.80 1.46
28 8287.60 4.25
29 8927.48 17.23
30 9602.10 8.03
31 10319.83 0.4
32 11052.90 0.5
33 11811.79 11.70
34 12598.57 18.80
35 13411.25 9.84
36 14247.53 0.57
37 15149.88 7.56
38 16056.22 4.16
39 16988.35 0.54
40 17950.15 0.28
41 18936.30 0.71
42 19952.84 13.06
43 20999.43 13.06
44 22074.06 11.72
45 23173.52 0.23
46 24301.47 8.25
47 25473.89 2.06
48 26668.95 1.61
49 27910.65 0.36
50 29171.21 2.7
51 30463.67 3.7
52 31787.06 5.03
53 33143.41 3.92
54 34528.61 1.19
55 35976.67 0.98
56 37439.22 0.86
57 38933.05 1.74
58 40446.30 1.58
59 42000.15 0.06
60 43587.01 9.16
61 45208.88 2.83
62 46865.75 6.27
63 48557.13 0.12
64 50292.00 0.45
65 52049.36 1.47
66 53850.23 2.91
67 55688.10 0.68
68 57562.97 3.11
69 59476.84 0.22
70 61429.06 1.45
71 63432.79 0.26
72 65470.52 0.6
73 67551.29 0.53
74 69673.24 0.54
75 71839.55 0.64
76 74049.61 0.45
77 76297.67 1.48
78 78598.63 0.55
79 80942.15 0.36
80 83331.09 0.37
81 85788.41 0.08
82 88278.36 0.08
83 90818.21 0.45
84 93408.02 0.06
85 96049.82 0.47
86 98740.22 1.27
87 101511.47 0.42
88 104309.86 0.23
89 107181.02 0.14
90 110100.89 0.47
91 113071.74 0.14
92 116101.76 0.04
93 119188.70 0.06
