3 46.17 46.17
4 97.60 97.60
5 179.97 165.47
6 270.55 250.35
7 379.22 352.52
8 506.15 472.12
9 651.43 609.21
10 802.00 750.47
11 1051.96 11.98
12 1277.45 12.06
13 1538.51 12.22
14 1813.65 12.23
15 2111.82 12.14
16 2433.36 11.97
17 2778.18 11.72
18 3139.70 18.71
19 3573.63 11.93
20 4003.65 10.68
21 4453.62 10.10
22 4927.69 11.73
23 5427.01 12.03
24 5944.39 13.36
25 6496.12 14.95
26 7068.06 15.37
27 7664.80 15.97
28 8287.60 23.75
29 8927.48 17.23
30 9602.10 11.47
31 10319.83 15.37
32 11052.90 14.56
33 11811.79 11.70
34 12598.57 18.80
35 13411.25 11.09
36 14247.53 15.19
37 15149.88 10.63
38 16056.22 11.33
39 16988.35 11.22
40 17950.15 13.70
41 18936.30 13.99
42 19952.84 13.06
43 20999.43 13.06
44 22074.06 11.72
45 23173.52 15.46
46 24301.47 10.97
47 25473.89 12.09
48 26668.95 13.73
49 27910.65 13.39
50 29171.21 10.35
51 30463.67 12.41
52 31787.06 10.17
53 33143.41 13.64
54 34528.61 12.02
55 35976.67 10.09
56 37439.22 12.22
57 38933.05 10.82
58 40446.30 10.10
59 42000.15 10.68
60 43587.01 11.26
61 45208.88 10.92
62 46865.75 10.55
63 48557.13 11.06
64 50292.00 14.33
65 52049.36 12.78
66 53850.23 13.55
67 55688.10 14.35
68 57562.97 15.13
69 59476.84 11.27
70 61429.06 14.95
71 63432.79 10.95
72 65470.52 11.23
73 67551.29 12.05
74 69673.24 17.75
75 71839.55 11.15
76 74049.61 18.28
77 76297.67 13.09
78 78598.63 10.73
79 80942.15 12.12
80 83331.09 11.38
81 85788.41 10.00
82 88278.36 10.43
83 90818.21 10.17
84 10.17 11.35
85 96049.82 11.61
86 98740.22 10.77
87 101511.47 10.56
88 104309.86 10.05
89 107181.02 10.57
90 110100.89 11.66
91 113071.74 10.93
92 116101.76 11.59
93 119188.70 10.97
