3 59.850 5.500                           
4 118.360 8.180                           
5 195.610 12.580 6.670 6.660                         
6 291.010 17.560 8.990 8.980                         
7 404.850 23.100 11.500 11.480                         
8 537.280 29.230 14.190 14.150                         
9 688.370 35.930 17.050 16.980                         
10 858.180 43.230 20.080 19.960                         
11 1064.000 64.480 36.420 36.220 5.150                        
12 1294.500 89.460 56.550 56.240 6.890                        
13 1549.900 119.050 81.200 80.730 10.160 4.880 4.870                      
14 1828.500 151.550 108.670 107.980 13.630 6.550 6.520                      
15 2130.400 187.150 139.140 138.180 17.210 8.380 8.330                      
16 2455.900 225.970 172.730 171.400 20.950 10.340 10.250                      
17 2804.900 268.050 209.480 207.700 24.840 12.420 12.290                      
18 3177.600 313.430 249.430 247.090 28.920 14.620 14.430                      
19 3583.300 371.160 301.650 298.640 40.500 23.750 23.470   4.220                   
20 4015.000 434.110 359.040 355.200 53.160 34.010 33.600   5.450                   
21 4465.800 494.290 413.680 408.860 60.910 39.600 39.060 7.080 7.040 5.900                   
22 4940.600 557.440 471.220 465.240 68.610 45.100 44.420 8.390 8.340 6.280                   
23 5439.600 623.790 531.880 524.540 76.420 50.650 49.790 9.610 9.530 6.630                   
24 5957.600 687.340 589.740 580.810 79.190 51.250 50.200 6.460 6.370 5.960                   
25 6510.900 766.470 662.970 652.220 92.580 62.090 60.780 11.850 11.720 7.250                   
26 7083.400 842.960 733.550 720.690 101.010 68.040 66.450 12.910 12.740 7.530                   
27 7680.700 922.950 807.540 792.290 109.690 74.170 72.260 13.930 13.720 7.810                   
28 8302.800 1006.500 884.980 867.020 118.640 80.480 78.210 14.920 14.660 8.090                   
29 8943.200 1086.100 958.530 937.490 121.260 80.500 77.860 10.090 9.800 7.110                   
30 9622.400 1184.400 1050.500 1026.000 137.430 93.740 90.590 16.850 16.460 8.610                   
31 10331.000 1290.700 1150.400 1122.000 157.750 111.010 107.280 27.370 26.870 11.690 5.000 4.880                 
32 11067.000 1402.300 1255.400 1222.800 179.250 129.380 124.980 38.820 38.190 14.780 6.500 6.290                 
33 11829.000 1519.200 1365.700 1328.300 202.020 148.950 143.780 51.320 50.550 17.860 8.120 7.810                 
34 12619.000 1641.500 1481.200 1438.600 226.100 169.770 163.710 64.910 63.970 20.990 9.820 9.400                 
35 13435.000 1769.200 1602.100 1553.600 251.490 191.820 184.780 79.590 78.450 24.180 11.590 11.030                 
36 14280.000 1902.300 1728.300 1673.400 278.170 215.120 206.960 95.350 93.980 27.440 13.430 12.720                 
37 15159.000 2048.000 1867.100 1805.100 313.180 246.690 237.290 119.200 117.570 36.720 20.730 19.750     4.020            
38 16067.000 2200.100 2012.100 1942.400 350.320 280.320 269.530 144.930 143.010 46.390 28.470 27.200     5.100            
39 17000.000 2354.900 2159.700 2081.500 385.790 312.260 299.920 168.740 166.510 53.350 33.710 32.140 5.240 5.130   5.680            
40 17962.000 2514.600 2312.200 2224.800 422.060 344.930 330.880 193.090 190.490 59.960 38.630 36.740 6.670 6.520   6.120            
41 18948.000 2676.300 2466.600 2369.100 455.980 375.220 359.280 214.820 211.810 63.450 40.580 38.360 5.940 5.760   5.730            
42 19965.000 2846.500 2629.500 2521.000 494.090 409.640 391.630 240.450 237.000 69.630 45.070 42.460 7.000 6.770   5.970            
43 21012.000 3022.400 2797.900 2677.600 533.420 445.240 424.950 267.010 263.070 75.850 49.600 46.550 8.070 7.780   6.190            
44 22087.000 3203.900 2971.800 2838.700 574.030 482.060 459.290 294.530 290.050 82.140 54.190 50.660 9.150 8.790   6.380            
45 23191.000 3391.200 3151.500 3004.500 615.950 520.150 494.660 323.030 317.960 88.520 58.840 54.780 10.240 9.810   6.560            
46 24321.000 3580.000 3332.600 3170.600 654.940 555.250 526.800 348.240 342.510 91.010 59.680 55.090 8.140 7.670               
47 25489.000 3783.400 3528.100 3350.000 703.800 600.190 568.530 382.990 376.550 101.610 68.410 63.140 12.470 11.860   6.890            
48 26688.000 3994.100 3730.900 3535.400 755.370 647.790 612.630 420.060 412.860 113.360 78.220 72.190 17.710 16.970   8.220            
49 27921.000 4213.800 3942.500 3728.400 811.240 699.620 660.670 461.040 453.000 127.900 90.770 83.870 25.490 24.580   10.830 4.910 4.580          
50 29184.000 4440.300 4160.800 3926.800 869.050 753.360 710.320 503.570 494.620 142.810 103.640 95.800 33.490 32.390   13.390 6.280 5.770          
51 30479.000 4673.700 4386.000 4130.500 928.980 809.160 761.690 547.790 537.850 158.270 117.020 108.120 41.870 40.560   15.920 7.730 7.020          
52 31805.000 4914.200 4618.200 4339.700 991.080 867.090 814.850 593.740 582.740 174.330 130.970 120.920 50.710 49.180   18.450 9.230 8.310          
53 33164.000 5161.900 4857.500 4554.500 1055.400 927.200 869.810 641.460 629.310 191.040 145.530 134.210 60.040 58.260   21.010 10.770 9.630          
54 34556.000 5416.900 5103.900 4774.700 1122.000 989.470 926.560 690.910 677.520 208.370 160.690 147.980 69.840 67.780   23.610 12.350 10.960          
55 35985.000 5684.900 5363.200 5006.100 1196.400 1059.500 990.680 747.700 732.980 231.860 181.970 167.760 85.610 83.240   30.970 18.270 16.430     3.690     
56 37449.000 5960.800 5630.300 5243.400 1273.400 1132.200 1057.000 806.640 790.490 256.350 204.210 188.350 102.160 99.460   38.390 24.300 22.000     4.640     
57 38943.000 6241.800 5902.500 5483.800 1350.400 1204.800 1122.700 864.960 847.280 279.130 224.730 207.070 116.830 113.760   43.650 28.330 25.590 5.580 5.340   5.140     
58 40456.000 6513.300 6165.300 5712.800 1409.900 1259.900 1170.500 905.490 886.140 285.010 228.580 209.350 115.790 112.440 6.850 6.510 41.750 26.350 23.590     4.810     
59 42010.000 6799.800 6442.900 5954.400 1480.100 1325.700 1228.400 955.980 934.860 299.250 240.640 219.560 122.280 118.590 7.650 7.240 43.300 27.260 24.260     4.890     
60 43597.000 7093.300 6727.400 6200.700 1551.800 1392.800 1287.100 1007.300 984.320 313.580 252.760 229.720 128.680 124.620 8.320 7.850 44.800 28.120 24.880     4.960     
61 45219.000 7394.100 7019.200 6451.900 1625.100 1461.600 1346.900 1059.600 1034.600 328.070 265.010 239.870 135.050 130.590 8.880 8.350 46.270 28.960 25.460     5.030     
62 46876.000 7702.300 7318.200 6707.900 1700.100 1531.900 1407.700 1112.900 1085.800 342.770 277.430 250.060 141.400 136.520 9.370 8.750 47.740 29.790 26.020     5.090     
63 48568.000 8018.100 7624.800 6968.800 1776.900 1604.000 1469.600 1167.200 1137.800 357.700 290.050 260.300 147.760 142.440 9.770 9.080 49.210 30.610 26.560     5.160     
64 50303.000 8349.800 7947.000 7242.700 1864.600 1686.900 1541.800 1231.600 1199.800 381.390 311.300 278.860 162.160 156.300 17.030 16.200 54.660 34.830 30.180 5.190 4.850   5.710     
65 52060.000 8673.100 8260.900 7205.300 1935.800 1753.400 1596.800 1279.000 1244.600 388.390 316.000 281.040 160.590 154.290 10.390 9.530 52.170 32.240 27.590     5.290     
66 53861.000 9012.500 8590.700 7781.000 2018.200 1830.900 1662.100 1336.600 1299.500 404.200 329.380 291.560 167.070 160.240 10.620 9.660 53.670 33.060 28.090     5.350     
67 55699.000 9360.200 8928.700 8061.700 2102.500 1910.400 1728.500 1395.200 1355.300 420.350 343.050 302.200 173.630 166.230 10.800 9.730 55.190 33.890 28.580     5.420     
68 57574.000 9716.200 9274.800 8347.400 2188.900 1991.800 1796.200 1455.000 1412.000 436.850 357.040 312.970 180.250 172.260 10.940 9.760 56.730 34.730 29.060     5.480     
69 59488.000 10081.000 9629.400 8638.100 2277.400 2075.200 1865.100 1516.000 1469.800 453.730 371.370 323.870 186.950 178.330 11.030 9.740 58.300 35.580 29.540     5.550     
70 61441.000 10454.000 9992.600 8933.800 2368.100 2160.700 1935.200 1578.100 1528.500 471.000 386.040 334.920 193.730 184.440 11.090 9.670 59.900 36.440 30.010     5.610     
71 63442.000 10845.000 10373.000 9243.200 2470.500 2258.000 2016.100 1650.800 1597.800 497.850 410.190 355.050 209.380 199.320 18.960 17.320 66.340 41.520 34.220 4.450 4.030   6.330     
72 65482.000 11245.000 10763.000 9558.300 2576.000 2358.100 2099.000 1725.500 1668.700 525.690 435.270 375.820 225.590 214.710 27.260 25.400 72.560 46.340 38.100 5.750 5.180   6.860     
73 67565.000 11656.000 11163.000 9879.200 2684.700 2461.400 2184.100 1802.300 1741.600 554.650 461.410 397.360 242.480 230.720 36.140 34.040 78.810 51.150 41.890 7.010 6.300   7.310     
74 69689.000 12077.000 11573.000 10206.000 2796.500 2567.800 2271.200 1881.100 1816.200 584.700 488.610 419.620 260.050 247.340 45.610 43.250 85.140 56.020 45.650 8.270 7.410   7.700     
75 71856.000 12508.000 11993.000 10538.000 2911.600 2677.400 2360.500 1961.800 1892.700 615.830 516.830 442.590 278.260 264.540 55.640 52.990 91.570 60.970 49.400 9.520 8.500   8.060     
76 74066.000 12950.000 12424.000 10877.000 3030.000 2790.200 2451.700 2044.500 1970.900 648.030 546.070 466.230 297.080 282.290 66.210 63.260 98.120 66.010 53.150 10.790 9.600   8.390     
77 76314.000 13396.000 12859.000 11214.000 3145.700 2900.200 2539.000 2123.200 2044.800 675.320 570.350 484.550 310.520 294.580 71.330 68.060 99.140 65.680 51.660 7.990 6.790        
78 78615.000 13862.000 13313.000 11567.000 3273.200 3022.000 2636.900 2212.400 2129.000 712.210 604.190 512.040 333.100 315.960 85.490 81.870 108.440 73.340 57.740 11.020 9.540   8.070     
79 80960.000 14336.000 13776.000 11922.000 3401.400 3144.300 2734.000 2300.700 2212.200 747.400 636.280 537.390 353.480 335.050 97.370 93.390 115.230 78.550 61.370 12.160 10.460   8.300     
80 83353.000 14826.000 14254.000 12287.000 3536.800 3273.900 2836.900 2394.800 2300.800 787.440 673.170 567.130 378.210 358.420 113.500 109.130 125.730 87.340 68.300 15.980 13.960   9.550     
81 85798.000 15330.000 14746.000 12660.000 3678.700 3409.700 2944.600 2493.700 2393.900 831.430 713.970 600.320 406.350 385.130 132.950 128.160 139.160 99.030 77.960 22.400 20.010   12.360 5.460 4.300   
82 88290.000 15847.000 15251.000 13040.000 3824.300 3549.300 3054.600 2594.700 2489.000 876.720 756.020 634.300 435.230 412.490 153.040 147.810 152.830 110.910 87.640 28.810 26.030   15.050 7.000 5.290   
83 90832.000 16376.000 15768.000 13425.000 3973.900 3692.700 3166.900 2698.000 2586.000 923.430 799.430 669.160 464.950 440.610 173.870 168.170 166.860 123.120 97.460 35.370 32.170   17.690 8.600 6.350   
84 93424.000 16918.000 16297.000 13817.000 4127.600 3840.200 3281.500 2803.500 2685.100 971.640 844.300 704.960 495.560 469.540 195.500 189.300 181.340 135.730 107.520 42.160 38.510   20.530 10.250 7.440   
85 96068.000 17473.000 16840.000 14215.000 4285.500 3991.800 3398.500 2911.400 2786.200 1021.400 890.650 741.710 527.080 499.280 217.930 211.200 196.270 148.780 117.820 49.200 45.060   23.010 11.940 8.540   
86 98764.000 18042.000 17396.000 14619.000 4447.700 4147.600 3517.900 3021.600 2889.300 1072.700 938.510 779.390 559.500 529.820 241.160 233.870 211.690 162.290 128.370 56.490 51.840   25.720 13.690 9.640   
87 101520.000 18630.000 17971.000 15034.000 4619.100 4312.500 3644.500 3138.900 2999.200 1130.300 992.690 822.800 597.600 565.950 269.950 262.070 232.340 181.000 143.910 68.730 63.520   32.640 19.280 14.140   3.800
88 104320.000 19232.000 18560.000 15456.000 4795.100 4482.000 3773.700 3258.700 3111.300 1189.700 1048.600 867.310 636.770 603.060 299.700 291.190 253.630 200.320 159.830 81.320 75.520   39.540 24.880 18.620   4.730
89 107190.000 19848.000 19163.000 15883.000 4974.300 4654.700 3903.900 3379.600 3224.100 1249.500 1104.800 911.440 675.510 639.620 328.900 319.740 274.100 218.790 174.660 92.820 86.380   45.170 29.310 21.950 4.490 4.000 5.410
90 110110.000 20478.000 19780.000 16315.000 5157.900 4831.600 4036.200 3502.400 3338.600 1310.600 1162.300 956.160 714.810 676.640 358.550 348.690 294.760 237.430 189.410 104.230 97.110   50.550 33.520 25.010 5.620 4.980 5.970
91 113080.000 21113.000 20402.000 16743.000 5334.900 5001.800 4159.400 3616.100 3443.600 1362.100 1210.100 990.570 743.750 703.210 377.630 367.040 305.170 245.890 194.070 106.080 98.400 7.640 6.800 50.010 32.610 23.820 4.710 4.130 5.670
92 116110.000 21768.000 21044.000 17182.000 5521.300 5181.500 4289.600 3736.800 3555.200 1419.900 1264.200 1030.500 778.180 735.140 402.090 390.750 320.650 259.380 203.390 112.350 104.020 8.910 7.950 52.230 34.090 24.570 4.740 4.130 5.780
93 119200.000 22440.000 21702.000 17626.000 5712.200 5365.500 4421.600 3859.200 3668.100 1478.900 1319.500 1070.800 812.940 767.290 426.750 414.600 336.250 272.950 212.560 118.480 109.470 10.120 9.030 54.390 35.520 25.250 4.750 4.110 5.880
94 122350.000 23122.000 22371.000 18071.000 5902.100 5548.500 4549.900 3977.800 3776.900 1533.700 1370.500 1106.000 842.550 794.170 446.080 433.090 346.640 281.330 216.420 119.500 109.850 7.400 6.250 53.120 33.920 23.420   5.420
