3 2 1                           
4 2 2                           
5 2 2 0.330 0.670                         
6 2 2 0.670 1.330                         
7 2 2 1.000 2.000                         
8 2 2 1.330 2.670                         
9 2 2 1.670 3.330                         
10 2 2 2.000 4.000                         
11 2 2 2.000 4.000 1                        
12 2 2 2.000 4.000 2                        
13 2 2 2.000 4.000 2 0.330 0.670                      
14 2 2 2.000 4.000 2 0.670 1.330                      
15 2 2 2.000 4.000 2 1.000 2.000                      
16 2 2 2.000 4.000 2 1.330 2.670                      
17 2 2 2.000 4.000 2 1.670 3.330                      
18 2 2 2.000 4.000 2 2.000 4.000                      
19 2 2 2.000 4.000 2 2.000 4.000   1                   
20 2 2 2.000 4.000 2 2.000 4.000   2                   
21 2 2 2.000 4.000 2 2.000 4.000 0.400 0.600 2                   
22 2 2 2.000 4.000 2 2.000 4.000 0.800 1.200 2                   
23 2 2 2.000 4.000 2 2.000 4.000 1.200 1.800 2                   
24 2 2 2.000 4.000 2 2.000 4.000 2.000 3.000 1                   
25 2 2 2.000 4.000 2 2.000 4.000 2.000 3.000 2                   
26 2 2 2.000 4.000 2 2.000 4.000 2.400 3.600 2                   
27 2 2 2.000 4.000 2 2.000 4.000 2.800 4.200 2                   
28 2 2 2.000 4.000 2 2.000 4.000 3.200 4.800 2                   
29 2 2 2.000 4.000 2 2.000 4.000 4.000 6.000 1                   
30 2 2 2.000 4.000 2 2.000 4.000 4.000 6.000 2                   
31 2 2 2.000 4.000 2 2.000 4.000 4.000 6.000 2 0.330 0.670                 
32 2 2 2.000 4.000 2 2.000 4.000 4.000 6.000 2 0.670 1.330                 
33 2 2 2.000 4.000 2 2.000 4.000 4.000 6.000 2 1.000 2.000                 
34 2 2 2.000 4.000 2 2.000 4.000 4.000 6.000 2 1.330 2.670                 
35 2 2 2.000 4.000 2 2.000 4.000 4.000 6.000 2 1.670 3.330                 
36 2 2 2.000 4.000 2 2.000 4.000 4.000 6.000 2 2.000 4.000                 
37 2 2 2.000 4.000 2 2.000 4.000 4.000 6.000 2 2.000 4.000     1            
38 2 2 2.000 4.000 2 2.000 4.000 4.000 6.000 2 2.000 4.000     2            
39 2 2 2.000 4.000 2 2.000 4.000 4.000 6.000 2 2.000 4.000 0.400 0.600   2            
40 2 2 2.000 4.000 2 2.000 4.000 4.000 6.000 2 2.000 4.000 0.800 1.200   2            
41 2 2 2.000 4.000 2 2.000 4.000 4.000 6.000 2 2.000 4.000 1.600 2.400   1            
42 2 2 2.000 4.000 2 2.000 4.000 4.000 6.000 2 2.000 4.000 2.000 3.000   1            
43 2 2 2.000 4.000 2 2.000 4.000 4.000 6.000 2 2.000 4.000 2.400 3.600   1            
44 2 2 2.000 4.000 2 2.000 4.000 4.000 6.000 2 2.000 4.000 2.800 4.200   1            
45 2 2 2.000 4.000 2 2.000 4.000 4.000 6.000 2 2.000 4.000 3.200 4.800   1            
46 2 2 2.000 4.000 2 2.000 4.000 4.000 6.000 2 2.000 4.000 4.000 6.000               
47 2 2 2.000 4.000 2 2.000 4.000 4.000 6.000 2 2.000 4.000 4.000 6.000   1            
48 2 2 2.000 4.000 2 2.000 4.000 4.000 6.000 2 2.000 4.000 4.000 6.000   2            
49 2 2 2.000 4.000 2 2.000 4.000 4.000 6.000 2 2.000 4.000 4.000 6.000   2 0.330 0.670          
50 2 2 2.000 4.000 2 2.000 4.000 4.000 6.000 2 2.000 4.000 4.000 6.000   2 0.670 1.330          
51 2 2 2.000 4.000 2 2.000 4.000 4.000 6.000 2 2.000 4.000 4.000 6.000   2 1.000 2.000          
52 2 2 2.000 4.000 2 2.000 4.000 4.000 6.000 2 2.000 4.000 4.000 6.000   2 1.330 2.670          
53 2 2 2.000 4.000 2 2.000 4.000 4.000 6.000 2 2.000 4.000 4.000 6.000   2 1.670 3.330          
54 2 2 2.000 4.000 2 2.000 4.000 4.000 6.000 2 2.000 4.000 4.000 6.000   2 2.000 4.000          
55 2 2 2.000 4.000 2 2.000 4.000 4.000 6.000 2 2.000 4.000 4.000 6.000   2 2.000 4.000     1     
56 2 2 2.000 4.000 2 2.000 4.000 4.000 6.000 2 2.000 4.000 4.000 6.000   2 2.000 4.000     2     
57 2 2 2.000 4.000 2 2.000 4.000 4.000 6.000 2 2.000 4.000 4.000 6.000   2 2.000 4.000 0.400 0.600   2     
58 2 2 2.000 4.000 2 2.000 4.000 4.000 6.000 2 2.000 4.000 4.000 6.000 0.860 1.140 2 2.000 4.000     2     
59 2 2 2.000 4.000 2 2.000 4.000 4.000 6.000 2 2.000 4.000 4.000 6.000 1.290 1.710 2 2.000 4.000     2     
60 2 2 2.000 4.000 2 2.000 4.000 4.000 6.000 2 2.000 4.000 4.000 6.000 1.710 2.290 2 2.000 4.000     2     
61 2 2 2.000 4.000 2 2.000 4.000 4.000 6.000 2 2.000 4.000 4.000 6.000 2.140 2.860 2 2.000 4.000     2     
62 2 2 2.000 4.000 2 2.000 4.000 4.000 6.000 2 2.000 4.000 4.000 6.000 2.570 3.430 2 2.000 4.000     2     
63 2 2 2.000 4.000 2 2.000 4.000 4.000 6.000 2 2.000 4.000 4.000 6.000 3.000 4.000 2 2.000 4.000     2     
64 2 2 2.000 4.000 2 2.000 4.000 4.000 6.000 2 2.000 4.000 4.000 6.000 3.000 4.000 2 2.000 4.000 0.400 0.600   2     
65 2 2 2.000 4.000 2 2.000 4.000 4.000 6.000 2 2.000 4.000 4.000 6.000 3.860 5.140 2 2.000 4.000     2     
66 2 2 2.000 4.000 2 2.000 4.000 4.000 6.000 2 2.000 4.000 4.000 6.000 4.290 5.710 2 2.000 4.000     2     
67 2 2 2.000 4.000 2 2.000 4.000 4.000 6.000 2 2.000 4.000 4.000 6.000 4.710 6.290 2 2.000 4.000     2     
68 2 2 2.000 4.000 2 2.000 4.000 4.000 6.000 2 2.000 4.000 4.000 6.000 5.140 6.860 2 2.000 4.000     2     
69 2 2 2.000 4.000 2 2.000 4.000 4.000 6.000 2 2.000 4.000 4.000 6.000 5.570 7.430 2 2.000 4.000     2     
70 2 2 2.000 4.000 2 2.000 4.000 4.000 6.000 2 2.000 4.000 4.000 6.000 6.000 8.000 2 2.000 4.000     2     
71 2 2 2.000 4.000 2 2.000 4.000 4.000 6.000 2 2.000 4.000 4.000 6.000 6.000 8.000 2 2.000 4.000 0.400 0.600   2     
72 2 2 2.000 4.000 2 2.000 4.000 4.000 6.000 2 2.000 4.000 4.000 6.000 6.000 8.000 2 2.000 4.000 0.800 1.200   2     
73 2 2 2.000 4.000 2 2.000 4.000 4.000 6.000 2 2.000 4.000 4.000 6.000 6.000 8.000 2 2.000 4.000 1.200 1.800   2     
74 2 2 2.000 4.000 2 2.000 4.000 4.000 6.000 2 2.000 4.000 4.000 6.000 6.000 8.000 2 2.000 4.000 1.600 2.400   2     
75 2 2 2.000 4.000 2 2.000 4.000 4.000 6.000 2 2.000 4.000 4.000 6.000 6.000 8.000 2 2.000 4.000 2.000 3.000   2     
76 2 2 2.000 4.000 2 2.000 4.000 4.000 6.000 2 2.000 4.000 4.000 6.000 6.000 8.000 2 2.000 4.000 2.400 3.600   2     
77 2 2 2.000 4.000 2 2.000 4.000 4.000 6.000 2 2.000 4.000 4.000 6.000 6.000 8.000 2 2.000 4.000 3.600 5.400        
78 2 2 2.000 4.000 2 2.000 4.000 4.000 6.000 2 2.000 4.000 4.000 6.000 6.000 8.000 2 2.000 4.000 3.600 5.400   1     
79 2 2 2.000 4.000 2 2.000 4.000 4.000 6.000 2 2.000 4.000 4.000 6.000 6.000 8.000 2 2.000 4.000 4.000 6.000   1     
80 2 2 2.000 4.000 2 2.000 4.000 4.000 6.000 2 2.000 4.000 4.000 6.000 6.000 8.000 2 2.000 4.000 4.000 6.000   2     
81 2 2 2.000 4.000 2 2.000 4.000 4.000 6.000 2 2.000 4.000 4.000 6.000 6.000 8.000 2 2.000 4.000 4.000 6.000   2 0.330 0.670   
82 2 2 2.000 4.000 2 2.000 4.000 4.000 6.000 2 2.000 4.000 4.000 6.000 6.000 8.000 2 2.000 4.000 4.000 6.000   2 0.670 1.330   
83 2 2 2.000 4.000 2 2.000 4.000 4.000 6.000 2 2.000 4.000 4.000 6.000 6.000 8.000 2 2.000 4.000 4.000 6.000   2 1.000 2.000   
84 2 2 2.000 4.000 2 2.000 4.000 4.000 6.000 2 2.000 4.000 4.000 6.000 6.000 8.000 2 2.000 4.000 4.000 6.000   2 1.330 2.670   
85 2 2 2.000 4.000 2 2.000 4.000 4.000 6.000 2 2.000 4.000 4.000 6.000 6.000 8.000 2 2.000 4.000 4.000 6.000   2 1.670 3.330   
86 2 2 2.000 4.000 2 2.000 4.000 4.000 6.000 2 2.000 4.000 4.000 6.000 6.000 8.000 2 2.000 4.000 4.000 6.000   2 2.000 4.000   
87 2 2 2.000 4.000 2 2.000 4.000 4.000 6.000 2 2.000 4.000 4.000 6.000 6.000 8.000 2 2.000 4.000 4.000 6.000   2 2.000 4.000   1
88 2 2 2.000 4.000 2 2.000 4.000 4.000 6.000 2 2.000 4.000 4.000 6.000 6.000 8.000 2 2.000 4.000 4.000 6.000   2 2.000 4.000   2
89 2 2 2.000 4.000 2 2.000 4.000 4.000 6.000 2 2.000 4.000 4.000 6.000 6.000 8.000 2 2.000 4.000 4.000 6.000   2 2.000 4.000 0.400 0.600 2
90 2 2 2.000 4.000 2 2.000 4.000 4.000 6.000 2 2.000 4.000 4.000 6.000 6.000 8.000 2 2.000 4.000 4.000 6.000   2 2.000 4.000 0.800 1.200 2
91 2 2 2.000 4.000 2 2.000 4.000 4.000 6.000 2 2.000 4.000 4.000 6.000 6.000 8.000 2 2.000 4.000 4.000 6.000 0.860 1.140 2 2.000 4.000 0.400 0.600 2
92 2 2 2.000 4.000 2 2.000 4.000 4.000 6.000 2 2.000 4.000 4.000 6.000 6.000 8.000 2 2.000 4.000 4.000 6.000 1.290 1.710 2 2.000 4.000 0.400 0.600 2
93 2 2 2.000 4.000 2 2.000 4.000 4.000 6.000 2 2.000 4.000 4.000 6.000 6.000 8.000 2 2.000 4.000 4.000 6.000 1.710 2.290 2 2.000 4.000 0.400 0.600 2
94 2 2 2.000 4.000 2 2.000 4.000 4.000 6.000 2 2.000 4.000 4.000 6.000 6.000 8.000 2 2.000 4.000 4.000 6.000 2.570 3.430 2 2.000 4.000   2
