1000.000000 0.050402 
999.000000 0.042724 
998.000000 0.043877 
997.000000 0.046647 
996.000000 0.044021 
995.000000 0.044922 
994.000000 0.044857 
993.000000 0.047660 
992.000000 0.054233 
991.000000 0.049067 
990.000000 0.049104 
989.000000 0.041829 
988.000000 0.053654 
987.000000 0.053262 
986.000000 0.050003 
985.000000 0.052581 
984.000000 0.055293 
983.000000 0.051521 
982.000000 0.058304 
981.000000 0.059010 
980.000000 0.058350 
979.000000 0.051872 
978.000000 0.048956 
977.000000 0.054181 
976.000000 0.059129 
975.000000 0.058142 
974.000000 0.053935 
973.000000 0.058636 
972.000000 0.063253 
971.000000 0.058870 
970.000000 0.060021 
969.000000 0.055159 
968.000000 0.061655 
967.000000 0.061740 
966.000000 0.063742 
965.000000 0.055511 
964.000000 0.054716 
963.000000 0.059961 
962.000000 0.057919 
961.000000 0.065272 
960.000000 0.064607 
959.000000 0.058497 
958.000000 0.074119 
957.000000 0.123383 
956.000000 0.186279 
955.000000 0.142286 
954.000000 0.092062 
953.000000 0.061910 
952.000000 0.053801 
951.000000 0.055668 
950.000000 0.055724 
949.000000 0.050983 
948.000000 0.047691 
947.000000 0.043324 
946.000000 0.045843 
945.000000 0.044914 
944.000000 0.041234 
943.000000 0.041088 
942.000000 0.042136 
941.000000 0.040278 
940.000000 0.046891 
939.000000 0.042184 
938.000000 0.058336 
937.000000 0.263354 
936.000000 0.421666 
935.000000 0.060900 
934.000000 0.040686 
933.000000 0.021947 
932.000000 0.021855 
931.000000 0.023453 
930.000000 0.018435 
929.000000 0.015596 
928.000000 0.017453 
927.000000 0.017722 
926.000000 0.015194 
925.000000 0.012572 
924.000000 0.018661 
923.000000 0.016091 
922.000000 0.017256 
921.000000 0.017400 
920.000000 0.017963 
919.000000 0.016611 
918.000000 0.017347 
917.000000 0.017569 
916.000000 0.013052 
915.000000 0.016025 
914.000000 0.015741 
913.000000 0.016194 
912.000000 0.013405 
911.000000 0.016915 
910.000000 0.013275 
909.000000 0.016373 
908.000000 0.016920 
907.000000 0.013580 
906.000000 0.018835 
905.000000 0.015918 
904.000000 0.017509 
903.000000 0.019392 
902.000000 0.017425 
901.000000 0.019718 
900.000000 0.016971 
899.000000 0.017509 
898.000000 0.017492 
897.000000 0.015679 
896.000000 0.016529 
895.000000 0.018916 
894.000000 0.017031 
893.000000 0.014733 
892.000000 0.019536 
891.000000 0.018932 
890.000000 0.017105 
889.000000 0.017904 
888.000000 0.015092 
887.000000 0.018580 
886.000000 0.021048 
885.000000 0.020519 
884.000000 0.021208 
883.000000 0.016661 
882.000000 0.015946 
881.000000 0.015921 
880.000000 0.015611 
879.000000 0.018747 
878.000000 0.021229 
877.000000 0.017647 
876.000000 0.014785 
875.000000 0.017132 
874.000000 0.021332 
873.000000 0.017762 
872.000000 0.018284 
871.000000 0.019857 
870.000000 0.015910 
869.000000 0.019167 
868.000000 0.019756 
867.000000 0.016015 
866.000000 0.019944 
865.000000 0.019109 
864.000000 0.015604 
863.000000 0.018069 
862.000000 0.016626 
861.000000 0.017415 
860.000000 0.018078 
859.000000 0.016470 
858.000000 0.016327 
857.000000 0.016823 
856.000000 0.020353 
855.000000 0.016647 
854.000000 0.018900 
853.000000 0.016010 
852.000000 0.016960 
851.000000 0.018920 
850.000000 0.019177 
849.000000 0.016361 
848.000000 0.018017 
847.000000 0.020642 
846.000000 0.020227 
845.000000 0.018748 
844.000000 0.022476 
843.000000 0.019431 
842.000000 0.021690 
841.000000 0.019810 
840.000000 0.019623 
839.000000 0.021171 
838.000000 0.018171 
837.000000 0.019017 
836.000000 0.018111 
835.000000 0.017726 
834.000000 0.019687 
833.000000 0.020302 
832.000000 0.019984 
831.000000 0.016721 
830.000000 0.017655 
829.000000 0.018428 
828.000000 0.017305 
827.000000 0.016881 
826.000000 0.018265 
825.000000 0.017739 
824.000000 0.020269 
823.000000 0.019938 
822.000000 0.014144 
821.000000 0.015654 
820.000000 0.017993 
819.000000 0.018430 
818.000000 0.020297 
817.000000 0.020000 
816.000000 0.019083 
815.000000 0.019041 
814.000000 0.016859 
813.000000 0.018325 
812.000000 0.017623 
811.000000 0.020629 
810.000000 0.019743 
809.000000 0.018949 
808.000000 0.023910 
807.000000 0.020027 
806.000000 0.019765 
805.000000 0.016519 
804.000000 0.018264 
803.000000 0.018682 
802.000000 0.017502 
801.000000 0.017562 
800.000000 0.017607 
799.000000 0.018748 
798.000000 0.015836 
797.000000 0.016626 
796.000000 0.020794 
795.000000 0.019995 
794.000000 0.021104 
793.000000 0.020631 
792.000000 0.020984 
791.000000 0.017647 
790.000000 0.020890 
789.000000 0.017526 
788.000000 0.017882 
787.000000 0.019528 
786.000000 0.015934 
785.000000 0.021819 
784.000000 0.019578 
783.000000 0.015765 
782.000000 0.023031 
781.000000 0.019140 
780.000000 0.019401 
779.000000 0.016305 
778.000000 0.017445 
777.000000 0.020256 
776.000000 0.016786 
775.000000 0.018355 
774.000000 0.022105 
773.000000 0.021771 
772.000000 0.017732 
771.000000 0.018051 
770.000000 0.019285 
769.000000 0.019918 
768.000000 0.021036 
767.000000 0.021140 
766.000000 0.018258 
765.000000 0.022571 
764.000000 0.021198 
763.000000 0.020429 
762.000000 0.019481 
761.000000 0.017658 
760.000000 0.019033 
759.000000 0.021157 
758.000000 0.019399 
757.000000 0.021106 
756.000000 0.020815 
755.000000 0.020839 
754.000000 0.021272 
753.000000 0.020979 
752.000000 0.021177 
751.000000 0.018803 
750.000000 0.020452 
749.000000 0.017070 
748.000000 0.017042 
747.000000 0.019844 
746.000000 0.020830 
745.000000 0.023085 
744.000000 0.020798 
743.000000 0.018440 
742.000000 0.021799 
741.000000 0.020485 
740.000000 0.020458 
739.000000 0.019076 
738.000000 0.023356 
737.000000 0.019810 
736.000000 0.019813 
735.000000 0.024204 
734.000000 0.021213 
733.000000 0.018258 
732.000000 0.022826 
731.000000 0.022111 
730.000000 0.019105 
729.000000 0.021476 
728.000000 0.023359 
727.000000 0.024193 
726.000000 0.019788 
725.000000 0.020884 
724.000000 0.023433 
723.000000 0.020324 
722.000000 0.020510 
721.000000 0.019726 
720.000000 0.021225 
719.000000 0.024360 
718.000000 0.020279 
717.000000 0.024305 
716.000000 0.025223 
715.000000 0.023828 
714.000000 0.019892 
713.000000 0.023870 
712.000000 0.022632 
711.000000 0.026646 
710.000000 0.022411 
709.000000 0.023538 
708.000000 0.024146 
707.000000 0.023977 
706.000000 0.019913 
705.000000 0.024363 
704.000000 0.025527 
703.000000 0.028471 
702.000000 0.022467 
701.000000 0.022132 
700.000000 0.022470 
699.000000 0.023610 
698.000000 0.023205 
697.000000 0.021873 
696.000000 0.021228 
695.000000 0.025697 
694.000000 0.020057 
693.000000 0.023648 
692.000000 0.021781 
691.000000 0.021946 
690.000000 0.023319 
689.000000 0.024066 
688.000000 0.023649 
687.000000 0.020043 
686.000000 0.024353 
685.000000 0.020128 
684.000000 0.022713 
683.000000 0.022472 
682.000000 0.023573 
681.000000 0.022782 
680.000000 0.026300 
679.000000 0.022644 
678.000000 0.023543 
677.000000 0.021797 
676.000000 0.027662 
675.000000 0.023388 
674.000000 0.021214 
673.000000 0.027462 
672.000000 0.026500 
671.000000 0.022698 
670.000000 0.025244 
669.000000 0.026380 
668.000000 0.024335 
667.000000 0.026992 
666.000000 0.027783 
665.000000 0.025564 
664.000000 0.027180 
663.000000 0.028704 
662.000000 0.028524 
661.000000 0.028696 
660.000000 0.025565 
659.000000 0.027280 
658.000000 0.027690 
657.000000 0.025700 
656.000000 0.029198 
655.000000 0.032131 
654.000000 0.028587 
653.000000 0.028107 
652.000000 0.029062 
651.000000 0.029584 
650.000000 0.029122 
649.000000 0.023780 
648.000000 0.024829 
647.000000 0.031338 
646.000000 0.024458 
645.000000 0.021080 
644.000000 0.021613 
643.000000 0.022833 
642.000000 0.018876 
641.000000 0.020765 
640.000000 0.019767 
639.000000 0.020476 
638.000000 0.024040 
637.000000 0.021626 
636.000000 0.016012 
635.000000 0.020523 
634.000000 0.017851 
633.000000 0.021777 
632.000000 0.018613 
631.000000 0.019977 
630.000000 0.019000 
629.000000 0.019624 
628.000000 0.018733 
627.000000 0.023017 
626.000000 0.018624 
625.000000 0.023155 
624.000000 0.017408 
623.000000 0.016085 
622.000000 0.021989 
621.000000 0.021383 
620.000000 0.017948 
619.000000 0.021717 
618.000000 0.019425 
617.000000 0.017306 
616.000000 0.017270 
615.000000 0.017910 
614.000000 0.015849 
613.000000 0.016808 
612.000000 0.015791 
611.000000 0.021462 
610.000000 0.021099 
609.000000 0.017957 
608.000000 0.019556 
607.000000 0.019596 
606.000000 0.019735 
605.000000 0.025061 
604.000000 0.016496 
603.000000 0.020979 
602.000000 0.018215 
601.000000 0.019534 
600.000000 0.023423 
599.000000 0.019536 
598.000000 0.021517 
597.000000 0.020712 
596.000000 0.025369 
595.000000 0.019041 
594.000000 0.024748 
593.000000 0.024342 
592.000000 0.025449 
591.000000 0.024278 
590.000000 0.020813 
589.000000 0.020178 
588.000000 0.021484 
587.000000 0.023962 
586.000000 0.028280 
585.000000 0.029691 
584.000000 0.033950 
583.000000 0.029360 
582.000000 0.028095 
581.000000 0.021042 
580.000000 0.020666 
579.000000 0.022454 
578.000000 0.021492 
577.000000 0.023008 
576.000000 0.023922 
575.000000 0.024475 
574.000000 0.022276 
573.000000 0.018590 
572.000000 0.017108 
571.000000 0.016667 
570.000000 0.017887 
569.000000 0.017191 
568.000000 0.013817 
567.000000 0.013563 
566.000000 0.016711 
565.000000 0.013752 
564.000000 0.017767 
563.000000 0.013273 
562.000000 0.013150 
561.000000 0.010734 
560.000000 0.010723 
559.000000 0.012017 
558.000000 0.014646 
557.000000 0.017642 
556.000000 0.012862 
555.000000 0.011529 
554.000000 0.009864 
553.000000 0.012450 
552.000000 0.011627 
551.000000 0.011466 
550.000000 0.011991 
549.000000 0.010491 
548.000000 0.015050 
547.000000 0.014156 
546.000000 0.014196 
545.000000 0.010356 
544.000000 0.014505 
543.000000 0.012903 
542.000000 0.012093 
541.000000 0.011403 
540.000000 0.011968 
539.000000 0.013590 
538.000000 0.010916 
537.000000 0.013010 
536.000000 0.014695 
535.000000 0.013245 
534.000000 0.012105 
533.000000 0.012152 
532.000000 0.012687 
531.000000 0.013808 
530.000000 0.011665 
529.000000 0.014342 
528.000000 0.012799 
527.000000 0.015395 
526.000000 0.016705 
525.000000 0.017598 
524.000000 0.012617 
523.000000 0.014194 
522.000000 0.016496 
521.000000 0.014864 
520.000000 0.012740 
519.000000 0.013185 
518.000000 0.018700 
517.000000 0.016194 
516.000000 0.016768 
515.000000 0.016429 
514.000000 0.017833 
513.000000 0.016248 
512.000000 0.017954 
511.000000 0.018717 
510.000000 0.019644 
509.000000 0.021190 
508.000000 0.023950 
507.000000 0.020707 
506.000000 0.027419 
505.000000 0.050348 
504.000000 0.034976 
503.000000 0.017554 
502.000000 0.015089 
501.000000 0.009914 
500.000000 0.011099 
499.000000 0.008621 
498.000000 0.008849 
497.000000 0.010390 
496.000000 0.007167 
495.000000 0.007903 
494.000000 0.006335 
493.000000 0.007486 
492.000000 0.006891 
491.000000 0.006381 
490.000000 0.006728 
489.000000 0.007138 
488.000000 0.006553 
487.000000 0.007971 
486.000000 0.007774 
485.000000 0.009714 
484.000000 0.007624 
483.000000 0.006230 
482.000000 0.004500 
481.000000 0.003966 
480.000000 0.004428 
479.000000 0.004767 
478.000000 0.002389 
477.000000 0.004380 
476.000000 0.002991 
475.000000 0.003128 
474.000000 0.002200 
473.000000 0.004122 
472.000000 0.002523 
471.000000 0.003177 
470.000000 0.005036 
469.000000 0.003617 
468.000000 0.003059 
467.000000 0.003148 
466.000000 0.003524 
465.000000 0.004147 
464.000000 0.005667 
463.000000 0.003029 
462.000000 0.003794 
461.000000 0.002735 
460.000000 0.002941 
459.000000 0.002165 
458.000000 0.003484 
457.000000 0.003049 
456.000000 0.002863 
455.000000 0.003415 
454.000000 0.001760 
453.000000 0.002821 
452.000000 0.002522 
451.000000 0.002890 
450.000000 0.001492 
449.000000 0.001668 
448.000000 0.002607 
447.000000 0.002359 
446.000000 0.003136 
445.000000 0.001825 
444.000000 0.002894 
443.000000 0.002249 
442.000000 0.001701 
441.000000 0.002434 
440.000000 0.003178 
439.000000 0.002737 
438.000000 0.002353 
437.000000 0.002328 
436.000000 0.002327 
435.000000 0.002563 
434.000000 0.002394 
433.000000 0.002805 
432.000000 0.002543 
431.000000 0.001671 
430.000000 0.002318 
429.000000 0.002671 
428.000000 0.001960 
427.000000 0.002006 
426.000000 0.003275 
425.000000 0.001848 
424.000000 0.004477 
423.000000 0.001486 
422.000000 0.002720 
421.000000 0.002348 
420.000000 0.002630 
419.000000 0.003874 
418.000000 0.002954 
417.000000 0.002724 
416.000000 0.001587 
415.000000 0.001646 
414.000000 0.001732 
413.000000 0.002904 
412.000000 0.002476 
411.000000 0.001628 
410.000000 0.002497 
409.000000 0.002751 
408.000000 0.002585 
407.000000 0.002131 
406.000000 0.002276 
405.000000 0.002202 
404.000000 0.004429 
403.000000 0.003239 
402.000000 0.002575 
401.000000 0.004085 
400.000000 0.002731 
399.000000 0.003097 
398.000000 0.001959 
397.000000 0.003069 
396.000000 0.002403 
395.000000 0.003308 
394.000000 0.001912 
393.000000 0.003599 
392.000000 0.002980 
391.000000 0.002559 
390.000000 0.003761 
389.000000 0.001274 
388.000000 0.002176 
387.000000 0.002759 
386.000000 0.002119 
385.000000 0.001505 
384.000000 0.001631 
383.000000 0.003009 
382.000000 0.002453 
381.000000 0.002867 
380.000000 0.002563 
379.000000 0.002952 
378.000000 0.002234 
377.000000 0.001372 
376.000000 0.003178 
375.000000 0.002508 
374.000000 0.002122 
373.000000 0.003665 
372.000000 0.003863 
371.000000 0.002950 
370.000000 0.002540 
369.000000 0.001825 
368.000000 0.002172 
367.000000 0.002583 
366.000000 0.001781 
365.000000 0.002681 
364.000000 0.002654 
363.000000 0.002721 
362.000000 0.002360 
361.000000 0.004138 
360.000000 0.002719 
359.000000 0.003812 
358.000000 0.002058 
357.000000 0.002286 
356.000000 0.002832 
355.000000 0.002610 
354.000000 0.002879 
353.000000 0.001807 
352.000000 0.002174 
351.000000 0.004770 
350.000000 0.003683 
349.000000 0.001696 
348.000000 0.002776 
347.000000 0.002820 
346.000000 0.003473 
345.000000 0.002104 
344.000000 0.002932 
343.000000 0.003201 
342.000000 0.002791 
341.000000 0.003891 
340.000000 0.002460 
339.000000 0.002920 
338.000000 0.002729 
337.000000 0.002928 
336.000000 0.004063 
335.000000 0.002342 
334.000000 0.002729 
333.000000 0.002494 
332.000000 0.002969 
331.000000 0.002252 
330.000000 0.003418 
329.000000 0.003434 
328.000000 0.003993 
327.000000 0.003852 
326.000000 0.002797 
325.000000 0.003612 
324.000000 0.002230 
323.000000 0.001830 
322.000000 0.002978 
321.000000 0.003595 
320.000000 0.003271 
319.000000 0.002269 
318.000000 0.002742 
317.000000 0.002774 
316.000000 0.002014 
315.000000 0.003522 
314.000000 0.002019 
313.000000 0.002618 
312.000000 0.001942 
311.000000 0.003518 
310.000000 0.002132 
309.000000 0.002588 
308.000000 0.003499 
307.000000 0.002402 
306.000000 0.003153 
305.000000 0.003110 
304.000000 0.004952 
303.000000 0.004078 
302.000000 0.003023 
301.000000 0.002825 
300.000000 0.005670 
299.000000 0.002459 
298.000000 0.003621 
297.000000 0.003020 
296.000000 0.003259 
295.000000 0.002718 
294.000000 0.003107 
293.000000 0.003107 
292.000000 0.004224 
291.000000 0.002918 
290.000000 0.003894 
289.000000 0.004361 
288.000000 0.004728 
287.000000 0.003329 
286.000000 0.003455 
285.000000 0.003131 
284.000000 0.003025 
283.000000 0.003794 
282.000000 0.004460 
281.000000 0.001815 
280.000000 0.003473 
279.000000 0.003495 
278.000000 0.003737 
277.000000 0.002965 
276.000000 0.004057 
275.000000 0.003432 
274.000000 0.002417 
273.000000 0.002449 
272.000000 0.003620 
271.000000 0.003593 
270.000000 0.004511 
269.000000 0.003245 
268.000000 0.002182 
267.000000 0.004129 
266.000000 0.003150 
265.000000 0.003558 
264.000000 0.005271 
263.000000 0.003643 
262.000000 0.003520 
261.000000 0.004489 
260.000000 0.005228 
259.000000 0.002548 
258.000000 0.004505 
257.000000 0.004055 
256.000000 0.002476 
255.000000 0.002464 
254.000000 0.002769 
253.000000 0.004682 
252.000000 0.002723 
251.000000 0.003562 
250.000000 0.003428 
249.000000 0.003593 
248.000000 0.003392 
247.000000 0.004127 
246.000000 0.003832 
245.000000 0.002985 
244.000000 0.001507 
243.000000 0.004237 
242.000000 0.004186 
241.000000 0.004196 
240.000000 0.004969 
239.000000 0.003044 
238.000000 0.004853 
237.000000 0.006227 
236.000000 0.003861 
235.000000 0.004696 
234.000000 0.003762 
233.000000 0.003348 
232.000000 0.005069 
231.000000 0.004543 
230.000000 0.005693 
229.000000 0.003838 
228.000000 0.003526 
227.000000 0.002038 
226.000000 0.003652 
225.000000 0.003687 
224.000000 0.004184 
223.000000 0.003350 
222.000000 0.004792 
221.000000 0.004463 
220.000000 0.003246 
219.000000 0.004761 
218.000000 0.003181 
217.000000 0.004182 
216.000000 0.002701 
215.000000 0.005406 
214.000000 0.003946 
213.000000 0.005156 
212.000000 0.003676 
211.000000 0.004234 
210.000000 0.003612 
209.000000 0.003142 
208.000000 0.003599 
207.000000 0.004342 
206.000000 0.003680 
205.000000 0.002910 
204.000000 0.003822 
203.000000 0.003881 
202.000000 0.004931 
201.000000 0.003383 
200.000000 0.004886 
199.000000 0.004569 
198.000000 0.004463 
197.000000 0.003079 
196.000000 0.004256 
195.000000 0.003907 
194.000000 0.005111 
193.000000 0.003985 
192.000000 0.003668 
191.000000 0.003501 
190.000000 0.002724 
189.000000 0.003873 
188.000000 0.003378 
187.000000 0.002462 
186.000000 0.003992 
185.000000 0.004209 
184.000000 0.005555 
183.000000 0.003290 
182.000000 0.003969 
181.000000 0.005802 
180.000000 0.003859 
179.000000 0.006739 
178.000000 0.005811 
177.000000 0.003490 
176.000000 0.004095 
175.000000 0.004194 
174.000000 0.003256 
173.000000 0.004562 
172.000000 0.005413 
171.000000 0.005146 
170.000000 0.004739 
169.000000 0.003922 
168.000000 0.006135 
167.000000 0.005068 
166.000000 0.005045 
165.000000 0.007070 
164.000000 0.004612 
163.000000 0.005311 
162.000000 0.006298 
161.000000 0.004343 
160.000000 0.004578 
159.000000 0.004948 
158.000000 0.007454 
157.000000 0.004652 
156.000000 0.005039 
155.000000 0.005993 
154.000000 0.005774 
153.000000 0.005405 
152.000000 0.007250 
151.000000 0.007793 
150.000000 0.006386 
149.000000 0.005617 
148.000000 0.006064 
147.000000 0.005955 
146.000000 0.005712 
145.000000 0.006009 
144.000000 0.005811 
143.000000 0.006829 
142.000000 0.004931 
141.000000 0.004919 
140.000000 0.008152 
139.000000 0.005865 
138.000000 0.005373 
137.000000 0.007562 
136.000000 0.006204 
135.000000 0.007441 
134.000000 0.005954 
133.000000 0.005803 
132.000000 0.005601 
131.000000 0.006044 
130.000000 0.005409 
129.000000 0.006259 
128.000000 0.011282 
127.000000 0.011109 
126.000000 0.017825 
125.000000 0.019770 
124.000000 0.008318 
123.000000 0.005137 
122.000000 0.004240 
121.000000 0.003652 
120.000000 0.007331 
119.000000 0.004566 
118.000000 0.006200 
117.000000 0.004010 
116.000000 0.005906 
115.000000 0.004961 
114.000000 0.005084 
113.000000 0.004225 
112.000000 0.005348 
111.000000 0.005395 
110.000000 0.005589 
109.000000 0.004631 
108.000000 0.006492 
107.000000 0.005916 
106.000000 0.006963 
105.000000 0.006341 
104.000000 0.006294 
103.000000 0.007611 
102.000000 0.006517 
101.000000 0.006150 
100.000000 0.006362 
99.000000 0.006427 
98.000000 0.006244 
97.000000 0.006617 
96.000000 0.006152 
95.000000 0.004877 
94.000000 0.008054 
93.000000 0.007520 
92.000000 0.004131 
91.000000 0.005462 
90.000000 0.007406 
89.000000 0.004850 
88.000000 0.004344 
87.000000 0.005314 
86.000000 0.007053 
85.000000 0.008210 
84.000000 0.006299 
83.000000 0.008723 
82.000000 0.009037 
81.000000 0.014851 
80.000000 0.021056 
79.000000 0.026133 
78.000000 0.027307 
77.000000 0.013845 
76.000000 0.007159 
75.000000 0.002751 
74.000000 0.003396 
73.000000 0.002474 
72.000000 0.001577 
71.000000 0.001451 
70.000000 0.000517 
69.000000 0.002029 
68.000000 0.001195 
67.000000 0.001095 
66.000000 0.001419 
65.000000 0.001641 
64.000000 0.000652 
63.000000 0.001885 
62.000000 0.000669 
61.000000 0.001186 
60.000000 0.001655 
59.000000 0.001744 
58.000000 0.000755 
57.000000 0.000972 
56.000000 0.000923 
55.000000 0.000890 
54.000000 0.001399 
53.000000 0.000915 
52.000000 0.000798 
51.000000 0.000857 
50.000000 0.000632 
49.000000 0.001204 
48.000000 0.001606 
47.000000 0.002195 
46.000000 0.001293 
45.000000 0.001387 
44.000000 0.000832 
43.000000 0.001384 
42.000000 0.001092 
41.000000 0.001274 
40.000000 0.001121 
39.000000 0.001695 
38.000000 0.005981 
37.000000 0.001974 
36.000000 0.000696 
35.000000 0.001088 
34.000000 0.000517 
33.000000 0.001331 
32.000000 0.002160 
31.000000 0.001807 
30.000000 0.000927 
29.000000 0.002032 
28.000000 0.001759 
27.000000 0.002926 
26.000000 0.002094 
25.000000 0.001460 
24.000000 0.001787 
23.000000 0.001293 
22.000000 0.001982 
21.000000 0.001351 
20.000000 0.002042 
19.000000 0.001895 
18.000000 0.001749 
17.000000 0.001531 
16.000000 0.002136 
15.000000 0.002349 
14.000000 0.000646 
13.000000 0.000989 
12.000000 0.000773 
11.000000 0.001959 
10.000000 0.001681 
9.000000 0.003932 
8.000000 0.004907 
7.000000 0.009231 
6.000000 0.008810 
5.000000 0.002465 
4.000000 0.000539 
3.000000 0.000000 
2.000000 0.000000 
1.000000 0.000000 
0.000000 0.000000 
